0.0 110.38204672 -0.801979210788 6.15026852785
7.85714285714 110.398505241 -0.800846769548 6.14465618071
15.7142857143 110.471434673 -0.798717203921 6.13305164879
23.5714285714 110.600723305 -0.795603386685 6.11554138941
31.4285714286 110.786173824 -0.791525237159 6.09226120361
39.2857142857 111.027504805 -0.786509394978 6.06339380801
47.1428571429 111.324352834 -0.780588784075 6.02916557207
55.0 111.676275199 -0.773802079884 5.98984252256
62.8571428571 112.082753128 -0.766193095371 5.94572573816
70.7142857143 112.543195498 -0.757810103324 5.89714627118
78.5714285714 113.056942976 -0.748705113473 5.84445974269
86.4285714286 113.623272506 -0.738933123282 5.78804075934
94.2857142857 114.241402096 -0.728551360875 5.72827729675
102.142857143 114.910495815 -0.717618537477 5.66556518522
110.0 115.629668952 -0.706194125123 5.60030282053
