0.0 66.5877224316 -0.572760650016 5.33707035121
7.85714285714 66.614298994 -0.571726912542 5.33028121276
15.7142857143 66.704629296 -0.56982203927 5.315148042
23.5714285714 66.8584549313 -0.567067612155 5.29192629947
31.4285714286 67.0753390547 -0.56349475853 5.26101261917
39.2857142857 67.3546725183 -0.559143274519 5.22293018843
47.1428571429 67.6956822701 -0.55406052531 5.17830987643
55.0 68.0974417524 -0.548300178229 5.12786826902
62.8571428571 68.5588829814 -0.541920830042 5.07238389252
70.7142857143 69.0788099587 -0.534984590846 5.01267292261
78.5714285714 69.6559130455 -0.527555683594 4.94956558712
86.4285714286 70.2887839297 -0.51969911144 4.88388430148
94.2857142857 70.9759308334 -0.511479435723 4.81642434954
102.142857143 71.7157936318 -0.502959696574 4.74793766805
110.0 72.5067585957 -0.494200496903 4.67912003738
