0.0 200.541769618 -0.333730008915 1.43296246342
7.85714285714 200.557021714 -0.33371637383 1.43340572365
15.7142857143 200.611555129 -0.333526527575 1.43497777213
23.5714285714 200.705337843 -0.333161113471 1.43767283362
31.4285714286 200.838314873 -0.332621275454 1.44148092105
39.2857142857 201.010408434 -0.331908650207 1.4463879168
47.1428571429 201.221518162 -0.331025356042 1.452375687
55.0 201.47152141 -0.32997397864 1.45942222712
62.8571428571 201.760273597 -0.328757553842 1.46750183704
70.7142857143 202.087608626 -0.327379547681 1.47658532304
78.5714285714 202.453339348 -0.325843833902 1.48664022396
86.4285714286 202.857258094 -0.324154669209 1.49763105879
94.2857142857 203.299137245 -0.322316666541 1.50951959217
102.142857143 203.778729859 -0.320334766653 1.52226511473
110.0 204.295770334 -0.318214208315 1.53582473462
