0.0 79.9073391572 -1.14953238643 2.7096747964
7.85714285714 79.9474222637 -1.14817352776 2.71114427922
15.7142857143 80.0555201631 -1.14453340073 2.71460450961
23.5714285714 80.2313579413 -1.13865649491 2.71998711912
31.4285714286 80.4744915621 -1.13061319154 2.72718432938
39.2857142857 80.7843134142 -1.12049778877 2.73605361668
47.1428571429 81.1600597706 -1.10842591949 2.74642368894
55.0 81.6008199511 -1.09453148774 2.75810136841
62.8571428571 82.1055469379 -1.07896326661 2.77087893679
70.7142857143 82.6730691688 -1.06188130763 2.78454150381
78.5714285714 83.3021032157 -1.04345330822 2.79887400118
86.4285714286 83.9912670524 -1.02385107271 2.8136674722
94.2857142857 84.7390936259 -1.00324718349 2.8287244143
102.142857143 85.5440444599 -0.981811976211 2.84386302547
110.0 86.4045230478 -0.959710887224 2.85892029629
