0.0 97.417713949 -0.29562177936 1.48112677288
7.85714285714 97.447913409 -0.295061038083 1.48267335605
15.7142857143 97.5433785868 -0.294047189171 1.48752298412
23.5714285714 97.703918172 -0.292589139839 1.49561818606
31.4285714286 97.9292121271 -0.290699837119 1.50686567204
39.2857142857 98.2188148532 -0.288395993986 1.52113872799
47.1428571429 98.5721595389 -0.285697738753 1.53828039712
55.0 98.988563596 -0.28262820108 1.55810730938
62.8571428571 99.4672350631 -0.279213049881 1.58041399741
70.7142857143 100.00727984 -0.275479999478 1.60497752564
78.5714285714 100.607709608 -0.271458300531 1.6315622576
86.4285714286 101.267450279 -0.267178231639 1.65992459425
94.2857142857 101.985350815 -0.262670606161 1.68981753259
102.142857143 102.76019228 -0.257966306881 1.72099491572
110.0 103.590696955 -0.253095858881 1.75321527254
