0.0 54.7508070883 -0.601208841262 -0.973194330815
7.85714285714 54.7814245266 -0.600465544496 -0.971777878295
15.7142857143 54.8646843471 -0.59860685754 -0.96788684881
23.5714285714 55.0003474794 -0.595656270187 -0.961504718557
31.4285714286 55.1880274716 -0.591650677924 -0.952611354949
39.2857142857 55.4271959292 -0.586639253758 -0.941185865567
47.1428571429 55.7171898065 -0.580681983991 -0.927210069812
55.0 56.0572203226 -0.573847946425 -0.910672289727
62.8571428571 56.4463832293 -0.566213418715 -0.89157113979
70.7142857143 56.8836701352 -0.557859907134 -0.869919011346
78.5714285714 57.3679805765 -0.548872182065 -0.845744991248
86.4285714286 57.8981345279 -0.539336397283 -0.819097018598
94.2857142857 58.4728850597 -0.529338356896 -0.790043159266
102.142857143 59.0909308744 -0.518961978262 -0.758671955569
110.0 59.7509284865 -0.508287982924 -0.725091880325
