0.0 55.5104563029 -0.161583988569 -1.46376014646
7.85714285714 55.5400914534 -0.161477760647 -1.46203198927
15.7142857143 55.6294951616 -0.160972566174 -1.45625051269
23.5714285714 55.7783800302 -0.160075768613 -1.44643346028
31.4285714286 55.9862715247 -0.158800446863 -1.43262228809
39.2857142857 56.2525154394 -0.157164921707 -1.41488313563
47.1428571429 56.5762879735 -0.155192116047 -1.39330765152
55.0 56.956608063 -0.152908788439 -1.36801348298
62.8571428571 57.3923515532 -0.150344684653 -1.33914425264
70.7142857143 57.8822667589 -0.147531653302 -1.30686888653
78.5714285714 58.4249909463 -0.144502769206 -1.27138021408
86.4285714286 59.0190672799 -0.141291502808 -1.23289282833
94.2857142857 59.6629618077 -0.137930966502 -1.19164025981
102.142857143 60.3550801038 -0.13445326013 -1.14787157472
110.0 61.0937832401 -0.130888929125 -1.10184754977
