0.0 57.3564581778 -0.5298505081 3.017567941
7.85714285714 57.3729069084 -0.529687431916 3.01694431779
15.7142857143 57.4273399849 -0.529106850618 3.01616895516
23.5714285714 57.5196495693 -0.528111357013 3.01530368522
31.4285714286 57.6496537162 -0.526706379001 3.01444022374
39.2857142857 57.817098153 -0.524900079943 3.01369689382
47.1428571429 58.0216587342 -0.522703210349 3.01321440304
55.0 58.262944518 -0.520128916117 3.01315088912
62.8571428571 58.5405013965 -0.517192509863 3.01367647836
70.7142857143 58.8538162043 -0.513911212881 3.01496761415
78.5714285714 59.2023212219 -0.51030387584 3.01720140905
86.4285714286 59.5853989876 -0.506390686493 3.02055025445
94.2857142857 60.0023873289 -0.502192872526 3.02517689071
102.142857143 60.4525845273 -0.497732407118 3.03123009974
110.0 60.9352545338 -0.493031724032 3.03884113658
