0.0 151.803267125 -1.40217615952 2.7326816297
7.85714285714 151.828019991 -1.40145764931 2.7335555937
15.7142857143 151.900351452 -1.39955028119 2.73572677214
23.5714285714 152.020193593 -1.39646269229 2.73917237996
31.4285714286 152.187434175 -1.39220887413 2.74385699825
39.2857142857 152.401917158 -1.38680802322 2.74973317965
47.1428571429 152.663443424 -1.38028433754 2.75674225531
55.0 152.971771692 -1.37266676288 2.76481532163
62.8571428571 153.326619617 -1.36398869363 2.77387438057
70.7142857143 153.727665056 -1.35428763367 2.78383360402
78.5714285714 154.174547497 -1.34360482341 2.79460069016
86.4285714286 154.666869628 -1.33198483944 2.80607827897
94.2857142857 155.204199031 -1.31947517365 2.81816539352
102.142857143 155.786069997 -1.30612579859 2.83075887529
110.0 156.411985428 -1.29198872586 2.84375478326
