276.796927454 -0.581899056585 1.91291171943 c
225.097266447 -0.00537736733082 2.17301584483 c
155.013925456 0.186864070791 2.77115068447 c
174.981472849 0.473780075727 2.9785351546 c
148.02211779 0.158855424672 3.81227809573 c
108.526990938 0.315035300817 2.35998387965 c
254.542925519 0.520870431785 2.3794821853 c
208.682648077 0.172417746014 2.84918130584 c
131.41954684 0.00575527341786 3.09669393081 c
106.32956556 -0.0107716322007 2.31049315297 c
73.1987770603 0.272749195815 3.17988565762 c
101.284827839 -0.456818408832 2.75264949019 c
83.4302885741 0.666996998688 1.8806458449 c
145.362949275 0.304776218414 2.60307927079 c
204.275271557 -0.60629450657 3.71879343274 c
224.90188419 0.200151360863 2.64230003089 c
172.340079501 0.30287322647 2.46856004999 c
304.656960382 -0.598089772788 1.99272518868 c
116.221889884 -0.0465714451819 2.69083153686 c
141.025031312 -0.408551880107 3.04158289887 c
200.201760348 -0.31499510341 2.62919137519 c
131.37702044 0.233968838215 2.10970922086 c
122.917765371 0.367624312641 2.49194875175 c
132.410373953 0.479896293526 2.10719096389 c
224.336879993 -0.875233690414 2.40213500118 c
237.528595326 -0.478990795424 1.67011335826 c
122.53490768 0.246655320097 2.58935177721 c
103.55781353 -0.0882726362208 2.8374597074 c
156.742840691 0.532874354013 2.04956601903 c
139.967529196 0.434982830515 2.40213377332 c
101.821003699 0.832523648236 3.04122047254 c
99.4938078679 0.156441102298 3.58407300893 c
95.8587765164 -0.193274733459 3.10977153251 c
123.45743667 0.377391528835 2.05763894763 c
95.3082288456 0.0612587071567 2.65616931927 c
112.986963075 -0.24226134916 1.57979659982 c
78.9057449495 -0.450238693412 2.67092581025 c
114.670003746 0.163317981767 2.09593186267 c
243.727569949 -0.655930526369 2.06284825367 c
132.957637202 -0.74228554976 4.031121521 c
69.8679475446 -0.932526827858 3.08069534958 c
309.746608671 0.159460715235 2.74215349306 a
152.269148886 0.375205269286 3.46211591866 c
152.465076886 0.213955221408 2.28528281002 c
103.234174722 0.120908622972 2.30661820664 c
140.019152509 -0.0547112086946 2.64054481972 c
253.13105682 -0.276462576343 3.53554437298 c
87.9912906641 -0.449384302447 2.92301867908 c
130.271207462 -0.45841182611 2.5325309121 c
174.284373331 0.660665628259 2.25500603091 c
237.499021181 0.607290745228 2.61051497994 c
214.874780932 0.626293353349 3.80981866452 c
188.952015824 -0.589628857384 2.7187873321 c
224.4227806 -0.467590251817 2.18524203662 c
89.5240669327 0.0812414651241 2.60533929936 c
380.726429952 -0.902210060639 2.25546388308 c
303.429000669 0.194385742742 4.46431304395 c
102.026361558 0.269943998593 2.03388373984 c
253.477684891 -0.405111539596 1.22792072682 c
182.48362839 0.316694683222 1.86540400477 c
158.083611515 0.30327463967 1.93243511248 c
77.110626271 -0.974939291031 2.70273086227 c
149.55467767 0.468463419399 1.67738224829 c
122.570604141 0.484851424971 1.20462372575 c
250.294051898 -0.0665190881551 1.61772861475 c
142.628704492 1.0695260351 1.99439999034 c
295.569934304 0.581598031342 1.29355408224 c
472.966017551 0.57338468601 1.60877312675 c
223.423572153 0.547590316061 1.54434445475 c
162.543533082 -0.752321617308 5.09357424029 c
189.046506161 1.18007619886 1.46410971426 c
151.396415939 0.580016935226 1.86627256259 c
219.980677648 0.353667661052 2.45983278166 c
207.842994858 -0.659175929858 1.26899420972 c
118.332610575 0.585233883997 1.10651686914 c
272.460464635 0.107410899966 1.35346787258 c
57.2704296178 2.839655829 7.56765012833 c
152.109575024 0.892574858597 1.19634406413 c
129.118619944 -0.529037108162 2.41832665274 c
284.240806323 0.286694166837 1.47469801108 c
119.784349634 -0.219724761398 1.16252134809 c
114.823671218 -1.36109379163 1.6285882198 c
101.81473693 -1.60478653457 1.47336278848 c
97.1720838659 0.608819429797 2.96778356919 c
257.536594838 0.103490936677 2.00288038597 c
228.007764049 -0.250416888822 2.00205026956 c
124.276404734 -0.261640185256 4.29259248496 c
91.6470505202 -0.0567523144417 2.03503613045 c
319.622521585 -0.729075228478 1.12572367856 c
259.040230078 -1.0129584531 2.62040822324 c
242.720957422 -0.252920985596 2.85592768481 c
238.655613421 0.366387114141 1.69356331896 c
247.262791366 0.703831386586 1.2652539457 c
239.660550628 -0.514914918398 1.44246379242 c
216.576114025 0.519890235601 1.75207418969 c
151.222821913 0.143165562635 2.30249455214 c
240.871806794 -0.237831409509 2.54354939681 c
129.982956116 -0.133258764297 1.69483044401 c
290.564293555 -0.206926282163 1.10054295999 c
280.350555851 0.106092430526 1.4598873419 c
192.858215014 1.06732641151 1.51126358272 c
39.1473531733 -1.78065666116 2.03133058562 c
104.275694332 -2.14560265537 5.45919145781 c
104.899890385 -0.0880053221939 2.34329271665 c
268.165452402 -0.698398522213 1.60415903723 c
208.867958602 0.364839223177 1.59133344373 c
135.177603767 0.0574533267962 2.99522831629 c
602.718702109 -0.164152362843 1.5160734823 c
182.30447227 1.29812078916 1.973822415 c
194.869448154 0.78023198541 1.52963096803 c
128.23870348 0.00925960984731 1.24197126491 c
41.8668879867 -0.588861488023 1.0 c
271.042525948 -0.213599112233 1.44800219521 c
226.963832756 -0.0276994738031 1.55506459865 c
184.111086997 -0.268034132189 1.21133505747 c
252.523641611 0.458047031303 1.64125929293 a
135.806895023 -0.647028919678 1.97432772232 c
300.163332465 -1.43409792854 2.3573200971 c
493.467176041 -0.663321791249 1.42233486913 c
219.791903205 -0.217744928934 1.51374690265 c
74.0902781934 0.657685219824 1.16486363138 c
35.0152773447 -0.853928377465 1.0 c
143.862034607 -0.422180134926 2.356856671 c
78.2792533281 -1.12883199977 1.23909706262 c
174.506034467 0.125370000429 3.74797530532 c
419.377113485 -0.826405231174 1.96329249948 c
0 0 0 x
68.6590180245 0.438763454476 1.0 c
160.088980341 1.40330110607 1.13442744691 c
142.234619762 0.620584888577 1.44604194904 c
208.161316744 -0.1581856984 1.79243929953 c
118.888607544 -0.445929919286 1.58194762215 c
160.361092977 -0.77241851618 1.84321469203 c
361.369634277 0.290334511877 1.47748341705 c
35.9822828536 -0.928414165097 1.0 c
89.5178003916 -0.665732612494 2.3562051809 c
249.547020555 -0.0329405375826 1.14243451847 c
228.550207 -1.00689037287 2.75491173812 c
150.280031318 -2.1481006748 2.87515828698 c
151.205433208 -0.565676833527 1.45085896824 c
132.865316001 -0.430221190445 2.02045147585 c
103.185875178 0.466832549626 1.50624419858 c
214.601292255 0.433726800915 1.0778443228 c
193.904619918 0.776281730793 2.11800167532 c
133.921372253 0.453637707034 1.85091769166 c
130.528814197 0.557398565897 1.50674250363 c
127.898450837 -0.310108234526 1.51241717844 c
106.367528072 -0.678093280649 1.94785484 c
102.471597356 -1.29591933584 2.22467796745 c
111.94055685 -0.57703366636 1.84791025051 c
129.040125263 0.322971120733 1.0 c
75.0118609476 0.035735558505 2.19136670141 c
88.3396400232 -0.1279984323 2.3030996738 c
301.467539097 -0.152031740806 1.17842781374 c
86.9286387741 1.26193053722 2.51927602644 c
322.523797584 -0.731083389617 1.47328038213 c
228.628504962 0.121736499638 1.65133742626 c
142.459472508 -0.0446584161518 1.60436375414 c
97.7326794422 1.8541738437 1.30703887534 c
109.002856756 0.511912698278 1.59757359971 c
399.447896696 -1.40974949499 2.18922136864 c
330.530439044 1.03301241022 2.05635801342 c
281.588814863 0.114615493237 1.31599558182 c
208.048109558 -1.65704711137 1.99882486411 c
490.206702652 -1.26452320164 1.61333088835 c
259.057756089 -0.0109096658037 1.5126182836 c
60.9624529922 -2.02630724537 1.0 c
165.948411763 1.11492519471 2.52226957897 c
127.541977162 1.96715274675 1.2762587114 c
217.357024094 -0.514692496878 1.67706181514 c
278.235208136 0.565902163119 1.81027998349 c
184.180595255 -0.0177169883058 2.14059683306 c
289.322717549 -0.327560802395 1.75229608795 c
271.436166683 0.857618679145 1.69835888043 c
81.6669538887 1.83766581689 3.07510950959 c
184.3678812 0.256216031304 2.02304878069 c
40.7632894126 -2.25374442712 2.26561630681 c
155.935331246 -0.0101122159241 1.22778493018 c
173.392773075 0.640411680471 1.49760305531 c
113.087268 0.167544538016 1.80245221351 c
174.080551247 0.0455650747853 1.51662551528 c
257.578331833 -1.4801565023 1.43372191795 c
323.057629728 -0.0609660865596 1.69143792975 c
153.857478616 0.315543806588 1.76898040588 c
137.567464084 -0.0121950493432 1.56236322856 c
99.7676914849 -1.86185543215 3.31201553735 c
52.5060165398 0.061588356047 1.31492757692 c
423.069003372 -0.341709184679 1.82487034968 c
273.702658674 -0.00380279970412 1.62269111436 c
231.393327729 -0.522162023947 3.52884100973 c
247.220038594 0.587996514432 1.75928449447 c
453.322056164 0.361984587321 1.43752572269 c
206.013629271 0.559651209743 1.89279221841 c
296.659855456 -0.208654949826 1.22027830723 c
180.860281483 1.24985538776 1.34971585998 c
151.095170684 0.340270889789 1.15937085106 c
264.745314577 -0.271628343544 1.28909040558 c
94.484767475 0.954404895476 1.34396258573 c
0 0 0 x
86.1659979867 1.1335370732 1.66633298636 c
124.002903387 -0.482166794952 1.50823893017 c
307.507671123 0.112780880077 1.78931515272 c
303.515926893 0.996374604863 1.34456942093 c
33.3324522244 1.32481251697 1.0 c
224.057075034 -0.0732260640999 1.47060947906 c
113.906754593 -1.92778615178 1.0 c
310.862305857 -0.631630339924 1.43077984492 c
149.279920878 -0.426573542994 4.44735811393 c
386.676889263 0.0766308571752 1.69752822693 c
35.7446095038 -0.215526362432 1.0 c
196.379401454 -0.32551767551 2.92814941252 c
461.320128816 0.168332887255 1.11564874283 c
196.825964671 -0.388879725631 1.06565167884 c
98.5970727081 -0.855790530009 1.695832002 c
0 0 0 x
104.539189009 -2.52888040583 2.89345481793 c
148.438351158 -0.117523016797 1.96026626604 b
214.047384693 0.931481800057 2.47990426793 c
413.273518473 0.0852728796995 1.85533656758 c
163.922070876 0.0311929304288 2.25387619417 c
159.333524473 -0.451050802458 1.0 c
298.441318828 0.165592979088 2.01266396074 c
161.354123923 0.25054639825 1.35655319719 c
331.751321433 -0.162040254157 1.66569640414 c
142.253717628 -0.500807353219 1.99225617576 c
215.807174765 -0.20064334335 1.76119999568 c
197.491577611 -0.329404768593 1.50486792125 c
146.062449254 0.364976389212 1.4278823662 c
150.292296551 1.29526750781 1.89230340966 c
190.902519327 -0.427552706327 1.91175925276 c
291.116685258 -0.0135275201801 1.94822657518 c
490.272101585 -0.735280558194 1.47587598562 c
219.268808956 0.438357557374 2.08531084645 c
147.440642351 -0.883802343889 1.12676482229 c
218.740239811 -0.706107783311 3.04558343852 c
263.472818903 -0.223797778439 1.21322180296 c
256.441265593 0.325715009871 1.94267938671 c
