-4.491415307362068887e+01 -1.101041724867979181e-02
-4.223122568291925916e+01 -2.732309389224489484e-03
-3.954829829221782234e+01 -5.091505242445533777e-03
-3.686537090151638552e+01 -3.521444280865194693e-03
-3.418349112010456992e+01 -9.270323815461521677e-03
-3.150056372940313310e+01 -7.646145857354323195e-04
-2.881763633870169983e+01 -1.258937237599254627e-03
-2.613575655728988067e+01 -8.441620428166811407e-03
-2.345282916658844385e+01 3.738175443030773790e-03
-2.076990177588701059e+01 1.315448741244268707e-02
-1.808802199447519143e+01 2.033204212622238480e-02
-1.540509460377375639e+01 9.341495904341863554e-03
-1.272216721307232312e+01 6.718326811463259593e-03
-1.004028743166050219e+01 1.440583574868046189e-02
-7.357360040959068037e+00 5.483070234578139857e-02
-4.674432650257633881e+00 7.119360117771829366e-02
-1.992552868845813396e+00 8.040317131860880151e-02
6.903745218556208707e-01 8.423619185789651964e-02
3.373301912557055360e+00 9.417228987376619065e-02
6.055181693968875400e+00 9.410843240050568992e-02
8.738109084670309556e+00 7.579034382483319787e-02
1.142103647537174460e+01 7.524269271708952656e-02
1.410396386607317787e+01 6.390196334596030814e-02
1.678584364748499880e+01 5.380204638099624070e-02
1.946877103818643207e+01 4.239799280141476334e-02
2.215169842888786533e+01 5.067440087929377113e-02
2.483357821029968804e+01 3.035929682342528024e-02
2.751650560100112131e+01 3.239589042766766180e-02
3.019943299170255457e+01 2.195724365650319684e-02
3.288131277311437373e+01 9.072529972917063937e-03
3.556424016381581055e+01 1.734229890393335777e-02
3.824716755451724737e+01 9.712708450056639978e-03
4.092904733592906297e+01 1.147395472066882645e-02
4.361197472663049979e+01 -3.435555070804575169e-03
4.629490211733193661e+01 3.508935271002041473e-03
4.897678189874375221e+01 5.315487324712178836e-03
5.165970928944518903e+01 -3.510857493130298138e-04
5.434263668014662585e+01 -3.593169878865952026e-03
5.702451646155844145e+01 -1.115549937708010383e-04
