-7.708417683298209795e+02 9.954832283872613180e-03
-7.049663692020653798e+02 1.940436394498385939e-02
-6.391198231411595998e+02 2.107166705095131834e-02
-5.733278055749234454e+02 2.112388458620279019e-02
-5.075388975601929360e+02 2.261583204079975831e-02
-4.417787858133862073e+02 2.237440397389499694e-02
-3.760731120947652926e+02 2.443182519362754879e-02
-3.103705249672925675e+02 3.611398495793513574e-02
-2.446966774574620729e+02 3.831310552326742253e-02
-1.790771777246784779e+02 3.847057982839435786e-02
-1.134607417046300668e+02 4.221563252384998716e-02
-4.787298880065333151e+01 5.695857100767543618e-02
1.768609979055420922e+01 7.373267248052386980e-02
8.319096061005915033e+01 7.820612621568197309e-02
1.486927880947688436e+02 7.209588626038954118e-02
2.141660075711410798e+02 6.623814576303968527e-02
2.795850890274626863e+02 6.481952837325709316e-02
3.450011598365872487e+02 6.262002128943823520e-02
4.103886787943264949e+02 5.349885793797770628e-02
4.757221492708849837e+02 4.881892547115505160e-02
5.410526317064330897e+02 4.021710949162769777e-02
6.063546183008004391e+02 2.964394078298757118e-02
6.716026457404411758e+02 2.220880026736178972e-02
7.368477076644785484e+02 2.132448629037558829e-02
8.020643296109591347e+02 1.352681646072896766e-02
